1000
2 5 7 8 10 13 18 23 28 30 32 35 40 45 48 51 54 56 60 64 69 71 76 79 81 84 85 88 93 94 99 101 106 109 113 116 118 120 123 126 127 128 130 134 138 140 142 144 147 150 151 152 154 155 157 159 163 168 173 177 178 181 182 186 190 191 194 199 204 208 210 211 215 217 219 222 227 231 232 234 235 238 242 245 250 251 254 256 261 263 266 271 274 275 278 281 283 284 286 288 290 295 299 301 302 307 308 311 314 317 318 319 322 327 332 333 335 339 343 347 351 356 361 366 367 372 377 378 382 385 388 390 393 396 398 402 407 408 411 416 421 422 423 424 428 433 436 441 445 450 454 455 460 464 469 473 476 479 482 484 489 491 492 495 498 503 507 512 517 518 523 527 530 531 535 537 538 541 545 549 553 554 557 560 564 566 567 572 573 577 580 583 588 590 594 597 600 603 607 612 613 616 621 622 625 628 631 634 635 637 641 646 648 653 655 658 660 663 667 671 676 678 680 682 685 686 688 690 694 698 701 703 705 707 711 716 718 720 723 727 730 734 738 740 742 747 749 752 756 759 760 765 767 769 773 778 782 784 789 794 797 800 802 806 809 811 813 816 817 820 824 829 833 835 839 841 842 844 848 850 851 852 855 856 858 860 863 868 870 872 876 879 882 886 888 892 896 898 899 903 908 913 914 917 921 923 925 928 929 933 935 937 938 940 945 948 950 951 953 957 958 959 960 963 966 969 970 975 977 982 984 988 990 995 999 1002 1004 1008 1011 1013 1017 1020 1024 1028 1030 1035 1038 1039 1043 1048 1053 1054 1057 1060 1065 1069 1070 1071 1072 1074 1077 1081 1082 1083 1087 1091 1093 1098 1101 1105 1106 1111 1112 1113 1115 1119 1121 1124 1126 1129 1134 1137 1140 1145 1146 1149 1153 1154 1158 1159 1162 1165 1169 1174 1176 1179 1181 1182 1183 1185 1186 1190 1193 1194 1196 1201 1204 1205 1209 1211 1215 1220 1222 1223 1226 1230 1231 1236 1239 1241 1243 1248 1250 1252 1254 1257 1260 1264 1269 1270 1275 1277 1281 1286 1290 1292 1294 1296 1298 1300 1302 1303 1307 1308 1313 1314 1315 1318 1323 1328 1332 1333 1338 1343 1346 1347 1348 1349 1352 1357 1359 1364 1369 1370 1375 1376 1381 1384 1385 1386 1388 1392 1396 1398 1400 1405 1406 1409 1413 1416 1418 1423 1424 1428 1432 1435 1437 1440 1442 1444 1449 1453 1457 1459 1460 1462 1467 1468 1471 1473 1474 1476 1479 1484 1485 1490 1492 1497 1502 1505 1507 1510 1512 1513 1515 1519 1523 1527 1532 1536 1541 1546 1548 1552 1556 1560 1561 1563 1565 1566 1568 1569 1573 1577 1578 1582 1583 1585 1588 1592 1597 1599 1604 1606 1609 1610 1611 1615 1620 1622 1625 1626 1631 1632 1637 1642 1644 1648 1652 1656 1659 1663 1664 1666 1668 1669 1672 1675 1678 1680 1681 1685 1690 1692 1694 1695 1696 1699 1702 1706 1707 1711 1712 1713 1718 1720 1723 1724 1726 1730 1733 1735 1737 1741 1744 1748 1751 1756 1760 1765 1766 1770 1775 1777 1778 1779 1783 1785 1786 1788 1789 1793 1795 1796 1797 1802 1807 1811 1815 1817 1822 1825 1830 1831 1834 1839 1840 1841 1842 1843 1847 1849 1854 1859 1860 1862 1864 1869 1871 1873 1878 1879 1882 1883 1887 1890 1891 1895 1900 1903 1906 1909 1914 1915 1919 1922 1924 1927 1930 1934 1936 1938 1941 1943 1945 1947 1950 1952 1953 1955 1960 1962 1964 1967 1969 1970 1972 1973 1974 1976 1980 1983 1988 1993 1994 1997 1998 2002 2005 2007 2011 2015 2018 2022 2024 2026 2027 2032 2036 2039 2040 2044 2046 2047 2051 2053 2055 2056 2059 2063 2064 2066 2070 2074 2077 2081 2085 2090 2092 2093 2096 2098 2101 2104 2106 2108 2109 2114 2117 2119 2121 2124 2126 2129 2130 2131 2134 2138 2141 2142 2144 2149 2154 2159 2162 2164 2167 2171 2172 2173 2174 2179 2182 2186 2187 2189 2194 2197 2198 2203 2204 2207 2208 2212 2217 2219 2222 2225 2226 2230 2234 2238 2240 2241 2246 2249 2252 2257 2258 2261 2262 2265 2268 2272 2273 2275 2276 2278 2281 2286 2290 2292 2297 2302 2306 2309 2311 2315 2318 2323 2328 2329 2332 2336 2338 2343 2344 2347 2352 2357 2358 2359 2361 2366 2369 2373 2376 2379 2381 2384 2385 2390 2395 2397 2401 2403 2408 2410 2413 2417 2422 2424 2426 2429 2431 2435 2437 2438 2443 2444 2445 2449 2453 2455 2460 2464 2467 2470 2471 2476 2478 2483 2486 2488 2492 2494 2496 2501 2504 2506 2511 2513 2517 2521 2524 2525 2530 2533 2535 2538 2540 2542 2544 2548 2550 2553 2557 2562 2567 2572 2573 2576 2581 2586 2589 2591 2592 2595 2596 2601 2605 2609 2613 2615 2616 2619 2624 2625 2630 2635 2636 2640 2644 2647 2649 2650 2652 2654 2656 2661 2666 2669 2672 2677 2679 2684 2685 2690 2694 2698 2703 2707 2712 2716 2719 2724 2727 2729 2731 2734 2735 2740 2744 2748 2752 2756 2757 2762 2763 2764 2768 2771 2772 2773 2776 2781 2784 2786 2790 2795 2798 2802 2806 2811 2813 2818 2822 2826 2829 2832 2836 2838 2843 2844 2849 2851 2855 2856 2858 2863 2865 2866 2869 2872 2875 2880 2885 2887 2892 2894 2896 2899 2901 2905 2908 2909 2913 2918 2919 2920 2922 2923 2925 2930 2931 2934 2937 2942 2943 2946
1
2
2
2
1474
2
2946
2
3046
3
2
3
1474
3
2946
3
3046
4
2
4
1474
4
2946
4
3046
5
